Temperature (K)	Pressure (psia)	Density (g/ml)	Volume (ml/g)	Internal Energy (kJ/mol)	Enthalpy (kJ/mol)	Entropy (J/mol*K)	Cv (J/mol*K)	Cp (J/mol*K)	Sound Spd. (m/s)	Joule-Thomson (F/psia)	Viscosity (uPa*s)	Therm. Cond. (W/m*K)	Phase
295.00	10.000	0.0037044	269.95	12.916	15.360	91.812	12.514	20.949	176.19	0.23063	22.797	0.0054215	vapor
295.00	11.483	0.0042562	234.95	12.913	15.356	90.653	12.520	20.973	176.15	0.23058	22.802	0.0054239	vapor
295.00	12.967	0.0048087	207.96	12.911	15.352	89.634	12.526	20.998	176.11	0.23054	22.807	0.0054263	vapor
295.00	14.450	0.0053618	186.51	12.908	15.348	88.724	12.533	21.022	176.07	0.23050	22.812	0.0054287	vapor
295.00	15.933	0.0059155	169.05	12.905	15.344	87.903	12.539	21.047	176.03	0.23045	22.817	0.0054311	vapor
295.00	17.417	0.0064698	154.56	12.903	15.340	87.154	12.545	21.072	175.99	0.23041	22.822	0.0054335	vapor
295.00	18.900	0.0070247	142.35	12.900	15.336	86.465	12.551	21.096	175.95	0.23037	22.827	0.0054360	vapor
295.00	20.383	0.0075803	131.92	12.897	15.332	85.828	12.558	21.121	175.91	0.23032	22.833	0.0054384	vapor
295.00	21.867	0.0081364	122.90	12.895	15.328	85.235	12.564	21.146	175.87	0.23028	22.838	0.0054409	vapor
295.00	23.350	0.0086933	115.03	12.892	15.324	84.680	12.570	21.171	175.83	0.23023	22.843	0.0054433	vapor
295.00	24.833	0.0092507	108.10	12.889	15.320	84.159	12.577	21.196	175.79	0.23019	22.848	0.0054458	vapor
295.00	26.317	0.0098088	101.95	12.887	15.316	83.667	12.583	21.221	175.75	0.23015	22.853	0.0054483	vapor
295.00	27.800	0.010367	96.456	12.884	15.312	83.203	12.589	21.246	175.71	0.23010	22.858	0.0054508	vapor
295.00	29.283	0.010927	91.518	12.881	15.307	82.761	12.596	21.272	175.67	0.23006	22.863	0.0054533	vapor
295.00	30.767	0.011487	87.057	12.879	15.303	82.341	12.602	21.297	175.63	0.23001	22.869	0.0054558	vapor
295.00	32.250	0.012047	83.006	12.876	15.299	81.941	12.609	21.322	175.59	0.22997	22.874	0.0054584	vapor
295.00	33.733	0.012609	79.311	12.873	15.295	81.558	12.615	21.348	175.55	0.22993	22.879	0.0054609	vapor
295.00	35.217	0.013171	75.927	12.871	15.291	81.191	12.621	21.373	175.51	0.22988	22.884	0.0054635	vapor
295.00	36.700	0.013733	72.817	12.868	15.287	80.839	12.628	21.399	175.47	0.22984	22.889	0.0054660	vapor
295.00	38.183	0.014296	69.949	12.865	15.283	80.500	12.634	21.425	175.43	0.22979	22.895	0.0054686	vapor
295.00	39.667	0.014860	67.295	12.863	15.279	80.174	12.641	21.450	175.39	0.22975	22.900	0.0054712	vapor
295.00	41.150	0.015425	64.832	12.860	15.275	79.860	12.647	21.476	175.35	0.22970	22.905	0.0054738	vapor
295.00	42.633	0.015990	62.541	12.857	15.271	79.556	12.653	21.502	175.31	0.22966	22.910	0.0054764	vapor
295.00	44.117	0.016555	60.403	12.855	15.267	79.263	12.660	21.528	175.27	0.22961	22.916	0.0054790	vapor
295.00	45.600	0.017122	58.405	12.852	15.263	78.978	12.666	21.554	175.23	0.22957	22.921	0.0054817	vapor
295.00	47.083	0.017689	56.532	12.849	15.259	78.703	12.673	21.580	175.19	0.22952	22.926	0.0054843	vapor
295.00	48.567	0.018257	54.774	12.847	15.255	78.436	12.679	21.607	175.15	0.22948	22.932	0.0054870	vapor
295.00	50.050	0.018825	53.121	12.844	15.251	78.176	12.686	21.633	175.11	0.22943	22.937	0.0054896	vapor
295.00	51.533	0.019394	51.562	12.841	15.247	77.924	12.692	21.659	175.07	0.22939	22.942	0.0054923	vapor
295.00	53.017	0.019964	50.090	12.838	15.242	77.679	12.699	21.686	175.03	0.22934	22.948	0.0054950	vapor
295.00	54.500	0.020534	48.699	12.836	15.238	77.440	12.705	21.712	174.99	0.22930	22.953	0.0054977	vapor
295.00	55.983	0.021105	47.381	12.833	15.234	77.208	12.712	21.739	174.95	0.22925	22.958	0.0055004	vapor
295.00	57.467	0.021677	46.132	12.830	15.230	76.981	12.718	21.766	174.91	0.22921	22.964	0.0055031	vapor
295.00	58.950	0.022250	44.945	12.828	15.226	76.760	12.725	21.792	174.87	0.22916	22.969	0.0055059	vapor
295.00	60.433	0.022823	43.816	12.825	15.222	76.544	12.731	21.819	174.83	0.22911	22.974	0.0055086	vapor
295.00	61.917	0.023396	42.742	12.822	15.218	76.333	12.738	21.846	174.79	0.22907	22.980	0.0055114	vapor
295.00	63.400	0.023971	41.717	12.819	15.214	76.127	12.744	21.873	174.75	0.22902	22.985	0.0055141	vapor
295.00	64.883	0.024546	40.740	12.817	15.210	75.925	12.751	21.900	174.71	0.22898	22.991	0.0055169	vapor
295.00	66.367	0.025122	39.806	12.814	15.205	75.728	12.757	21.928	174.67	0.22893	22.996	0.0055197	vapor
295.00	67.850	0.025698	38.913	12.811	15.201	75.535	12.764	21.955	174.63	0.22888	23.001	0.0055225	vapor
295.00	69.333	0.026276	38.058	12.808	15.197	75.346	12.770	21.982	174.59	0.22884	23.007	0.0055253	vapor
295.00	70.817	0.026853	37.239	12.806	15.193	75.160	12.777	22.010	174.55	0.22879	23.012	0.0055282	vapor
295.00	72.300	0.027432	36.454	12.803	15.189	74.978	12.784	22.037	174.51	0.22875	23.018	0.0055310	vapor
295.00	73.783	0.028011	35.700	12.800	15.185	74.800	12.790	22.065	174.47	0.22870	23.023	0.0055338	vapor
295.00	75.267	0.028591	34.976	12.797	15.180	74.625	12.797	22.092	174.43	0.22865	23.029	0.0055367	vapor
295.00	76.750	0.029172	34.280	12.795	15.176	74.453	12.803	22.120	174.39	0.22861	23.034	0.0055396	vapor
295.00	78.233	0.029753	33.610	12.792	15.172	74.285	12.810	22.148	174.35	0.22856	23.040	0.0055424	vapor
295.00	79.717	0.030335	32.965	12.789	15.168	74.119	12.817	22.176	174.31	0.22851	23.045	0.0055453	vapor
295.00	81.200	0.030918	32.343	12.786	15.164	73.956	12.823	22.204	174.27	0.22847	23.051	0.0055482	vapor
295.00	82.683	0.031502	31.744	12.784	15.160	73.796	12.830	22.232	174.23	0.22842	23.056	0.0055512	vapor
295.00	84.167	0.032086	31.166	12.781	15.155	73.639	12.837	22.260	174.18	0.22837	23.062	0.0055541	vapor
295.00	85.650	0.032671	30.608	12.778	15.151	73.484	12.843	22.289	174.14	0.22833	23.068	0.0055570	vapor
295.00	87.133	0.033256	30.069	12.775	15.147	73.332	12.850	22.317	174.10	0.22828	23.073	0.0055600	vapor
295.00	88.617	0.033843	29.548	12.772	15.143	73.182	12.857	22.346	174.06	0.22823	23.079	0.0055630	vapor
295.00	90.100	0.034430	29.045	12.770	15.139	73.034	12.863	22.374	174.02	0.22818	23.084	0.0055659	vapor
295.00	91.583	0.035018	28.557	12.767	15.134	72.889	12.870	22.403	173.98	0.22814	23.090	0.0055689	vapor
295.00	93.067	0.035606	28.085	12.764	15.130	72.746	12.877	22.432	173.94	0.22809	23.096	0.0055719	vapor
295.00	94.550	0.036195	27.628	12.761	15.126	72.605	12.884	22.460	173.90	0.22804	23.101	0.0055749	vapor
295.00	96.033	0.036785	27.185	12.759	15.122	72.466	12.890	22.489	173.86	0.22800	23.107	0.0055779	vapor
295.00	97.517	0.037376	26.755	12.756	15.118	72.329	12.897	22.518	173.82	0.22795	23.113	0.0055810	vapor
295.00	99.000	0.037967	26.338	12.753	15.113	72.193	12.904	22.548	173.78	0.22790	23.118	0.0055840	vapor
295.00	100.48	0.038559	25.934	12.750	15.109	72.060	12.911	22.577	173.73	0.22785	23.124	0.0055871	vapor
295.00	101.97	0.039152	25.541	12.747	15.105	71.929	12.917	22.606	173.69	0.22780	23.130	0.0055902	vapor
295.00	103.45	0.039746	25.160	12.744	15.101	71.799	12.924	22.635	173.65	0.22776	23.135	0.0055932	vapor
295.00	104.93	0.040340	24.789	12.742	15.096	71.671	12.931	22.665	173.61	0.22771	23.141	0.0055963	vapor
295.00	106.42	0.040935	24.429	12.739	15.092	71.544	12.938	22.695	173.57	0.22766	23.147	0.0055994	vapor
295.00	107.90	0.041531	24.078	12.736	15.088	71.419	12.944	22.724	173.53	0.22761	23.153	0.0056026	vapor
295.00	109.38	0.042128	23.737	12.733	15.084	71.296	12.951	22.754	173.49	0.22756	23.158	0.0056057	vapor
295.00	110.87	0.042725	23.405	12.730	15.079	71.174	12.958	22.784	173.45	0.22751	23.164	0.0056088	vapor
295.00	112.35	0.043323	23.082	12.727	15.075	71.054	12.965	22.814	173.41	0.22747	23.170	0.0056120	vapor
295.00	113.83	0.043922	22.768	12.725	15.071	70.935	12.972	22.844	173.36	0.22742	23.176	0.0056152	vapor
295.00	115.32	0.044522	22.461	12.722	15.066	70.818	12.979	22.874	173.32	0.22737	23.181	0.0056183	vapor
295.00	116.80	0.045122	22.162	12.719	15.062	70.702	12.986	22.904	173.28	0.22732	23.187	0.0056215	vapor
295.00	118.28	0.045723	21.871	12.716	15.058	70.587	12.992	22.935	173.24	0.22727	23.193	0.0056247	vapor
295.00	119.77	0.046325	21.586	12.713	15.054	70.474	12.999	22.965	173.20	0.22722	23.199	0.0056279	vapor
295.00	121.25	0.046928	21.309	12.710	15.049	70.361	13.006	22.996	173.16	0.22717	23.205	0.0056312	vapor
295.00	122.73	0.047531	21.039	12.708	15.045	70.250	13.013	23.026	173.12	0.22712	23.211	0.0056344	vapor
295.00	124.22	0.048136	20.775	12.705	15.041	70.141	13.020	23.057	173.07	0.22707	23.216	0.0056377	vapor
295.00	125.70	0.048741	20.517	12.702	15.036	70.032	13.027	23.088	173.03	0.22702	23.222	0.0056409	vapor
295.00	127.18	0.049347	20.265	12.699	15.032	69.924	13.034	23.119	172.99	0.22697	23.228	0.0056442	vapor
295.00	128.67	0.049953	20.019	12.696	15.028	69.818	13.041	23.150	172.95	0.22692	23.234	0.0056475	vapor
295.00	130.15	0.050560	19.778	12.693	15.023	69.713	13.048	23.181	172.91	0.22687	23.240	0.0056508	vapor
295.00	131.63	0.051169	19.543	12.690	15.019	69.609	13.055	23.213	172.87	0.22683	23.246	0.0056541	vapor
295.00	133.12	0.051778	19.313	12.687	15.015	69.506	13.062	23.244	172.82	0.22678	23.252	0.0056575	vapor
295.00	134.60	0.052387	19.089	12.684	15.010	69.403	13.069	23.275	172.78	0.22672	23.258	0.0056608	vapor
295.00	136.08	0.052998	18.869	12.682	15.006	69.302	13.076	23.307	172.74	0.22667	23.264	0.0056641	vapor
295.00	137.57	0.053609	18.654	12.679	15.002	69.202	13.083	23.339	172.70	0.22662	23.270	0.0056675	vapor
295.00	139.05	0.054221	18.443	12.676	14.997	69.103	13.090	23.371	172.66	0.22657	23.276	0.0056709	vapor
295.00	140.53	0.054834	18.237	12.673	14.993	69.005	13.097	23.402	172.61	0.22652	23.282	0.0056743	vapor
295.00	142.02	0.055448	18.035	12.670	14.989	68.907	13.104	23.434	172.57	0.22647	23.288	0.0056777	vapor
295.00	143.50	0.056062	17.837	12.667	14.984	68.811	13.111	23.467	172.53	0.22642	23.294	0.0056811	vapor
295.00	144.98	0.056678	17.644	12.664	14.980	68.715	13.118	23.499	172.49	0.22637	23.300	0.0056845	vapor
295.00	146.47	0.057294	17.454	12.661	14.975	68.620	13.125	23.531	172.45	0.22632	23.306	0.0056880	vapor
295.00	147.95	0.057911	17.268	12.658	14.971	68.527	13.132	23.564	172.40	0.22627	23.312	0.0056914	vapor
295.00	149.43	0.058529	17.086	12.655	14.967	68.433	13.139	23.596	172.36	0.22622	23.318	0.0056949	vapor
295.00	150.92	0.059147	16.907	12.652	14.962	68.341	13.147	23.629	172.32	0.22617	23.324	0.0056984	vapor
295.00	152.40	0.059767	16.732	12.650	14.958	68.250	13.154	23.662	172.28	0.22612	23.331	0.0057019	vapor
295.00	153.88	0.060387	16.560	12.647	14.953	68.159	13.161	23.695	172.24	0.22606	23.337	0.0057054	vapor
295.00	155.37	0.061008	16.391	12.644	14.949	68.069	13.168	23.728	172.19	0.22601	23.343	0.0057089	vapor
295.00	156.85	0.061630	16.226	12.641	14.945	67.980	13.175	23.761	172.15	0.22596	23.349	0.0057124	vapor
295.00	158.33	0.062253	16.063	12.638	14.940	67.891	13.182	23.794	172.11	0.22591	23.355	0.0057160	vapor
295.00	159.82	0.062877	15.904	12.635	14.936	67.804	13.190	23.828	172.07	0.22586	23.361	0.0057195	vapor
295.00	161.30	0.063501	15.748	12.632	14.931	67.716	13.197	23.861	172.02	0.22580	23.368	0.0057231	vapor
295.00	162.78	0.064126	15.594	12.629	14.927	67.630	13.204	23.895	171.98	0.22575	23.374	0.0057267	vapor
295.00	164.27	0.064752	15.443	12.626	14.922	67.544	13.211	23.928	171.94	0.22570	23.380	0.0057303	vapor
295.00	165.75	0.065379	15.295	12.623	14.918	67.459	13.218	23.962	171.90	0.22565	23.386	0.0057339	vapor
295.00	167.23	0.066007	15.150	12.620	14.913	67.375	13.226	23.996	171.85	0.22560	23.392	0.0057375	vapor
295.00	168.72	0.066636	15.007	12.617	14.909	67.291	13.233	24.030	171.81	0.22554	23.399	0.0057412	vapor
295.00	170.20	0.067266	14.866	12.614	14.904	67.208	13.240	24.064	171.77	0.22549	23.405	0.0057448	vapor
295.00	171.68	0.067896	14.728	12.611	14.900	67.125	13.247	24.099	171.73	0.22544	23.411	0.0057485	vapor
295.00	173.17	0.068527	14.593	12.608	14.896	67.044	13.255	24.133	171.68	0.22538	23.418	0.0057522	vapor
295.00	174.65	0.069160	14.459	12.605	14.891	66.962	13.262	24.168	171.64	0.22533	23.424	0.0057559	vapor
295.00	176.13	0.069793	14.328	12.602	14.887	66.881	13.269	24.202	171.60	0.22528	23.430	0.0057596	vapor
295.00	177.62	0.070427	14.199	12.599	14.882	66.801	13.277	24.237	171.56	0.22522	23.437	0.0057633	vapor
295.00	179.10	0.071061	14.072	12.596	14.878	66.722	13.284	24.272	171.51	0.22517	23.443	0.0057670	vapor
295.00	180.58	0.071697	13.948	12.593	14.873	66.643	13.291	24.307	171.47	0.22512	23.449	0.0057708	vapor
295.00	182.07	0.072334	13.825	12.590	14.869	66.564	13.299	24.343	171.43	0.22506	23.456	0.0057745	vapor
295.00	183.55	0.072971	13.704	12.587	14.864	66.486	13.306	24.378	171.39	0.22501	23.462	0.0057783	vapor
295.00	185.03	0.073609	13.585	12.584	14.860	66.409	13.314	24.413	171.34	0.22496	23.469	0.0057821	vapor
295.00	186.52	0.074249	13.468	12.581	14.855	66.332	13.321	24.449	171.30	0.22490	23.475	0.0057859	vapor
295.00	188.00	0.074889	13.353	12.578	14.850	66.255	13.328	24.485	171.26	0.22485	23.481	0.0057897	vapor
295.00	189.48	0.075530	13.240	12.575	14.846	66.180	13.336	24.520	171.21	0.22479	23.488	0.0057936	vapor
295.00	190.97	0.076172	13.128	12.572	14.841	66.104	13.343	24.556	171.17	0.22474	23.494	0.0057974	vapor
295.00	192.45	0.076815	13.018	12.569	14.837	66.029	13.351	24.592	171.13	0.22468	23.501	0.0058013	vapor
295.00	193.93	0.077458	12.910	12.566	14.832	65.955	13.358	24.629	171.08	0.22463	23.507	0.0058051	vapor
295.00	195.42	0.078103	12.804	12.563	14.828	65.881	13.366	24.665	171.04	0.22457	23.514	0.0058090	vapor
295.00	196.90	0.078749	12.699	12.560	14.823	65.807	13.373	24.702	171.00	0.22452	23.520	0.0058129	vapor
295.00	198.38	0.079395	12.595	12.557	14.819	65.734	13.381	24.738	170.95	0.22446	23.527	0.0058168	vapor
295.00	199.87	0.080043	12.493	12.554	14.814	65.662	13.388	24.775	170.91	0.22441	23.534	0.0058208	vapor
295.00	201.35	0.080691	12.393	12.551	14.809	65.589	13.396	24.812	170.87	0.22435	23.540	0.0058247	vapor
295.00	202.83	0.081340	12.294	12.547	14.805	65.518	13.403	24.849	170.82	0.22430	23.547	0.0058287	vapor
295.00	204.32	0.081991	12.197	12.544	14.800	65.446	13.411	24.886	170.78	0.22424	23.553	0.0058326	vapor
295.00	205.80	0.082642	12.100	12.541	14.796	65.375	13.418	24.923	170.74	0.22419	23.560	0.0058366	vapor
295.00	207.28	0.083294	12.006	12.538	14.791	65.305	13.426	24.961	170.69	0.22413	23.567	0.0058406	vapor
295.00	208.77	0.083947	11.912	12.535	14.786	65.235	13.434	24.998	170.65	0.22407	23.573	0.0058446	vapor
295.00	210.25	0.084601	11.820	12.532	14.782	65.165	13.441	25.036	170.61	0.22402	23.580	0.0058487	vapor
295.00	211.73	0.085256	11.729	12.529	14.777	65.096	13.449	25.074	170.56	0.22396	23.587	0.0058527	vapor
295.00	213.22	0.085912	11.640	12.526	14.773	65.027	13.457	25.112	170.52	0.22390	23.593	0.0058568	vapor
295.00	214.70	0.086569	11.552	12.523	14.768	64.959	13.464	25.150	170.48	0.22385	23.600	0.0058608	vapor
295.00	216.18	0.087226	11.464	12.520	14.763	64.890	13.472	25.189	170.43	0.22379	23.607	0.0058649	vapor
295.00	217.67	0.087885	11.378	12.517	14.759	64.823	13.480	25.227	170.39	0.22373	23.614	0.0058690	vapor
295.00	219.15	0.088545	11.294	12.513	14.754	64.755	13.487	25.266	170.34	0.22368	23.620	0.0058731	vapor
295.00	220.63	0.089206	11.210	12.510	14.749	64.688	13.495	25.304	170.30	0.22362	23.627	0.0058773	vapor
295.00	222.12	0.089867	11.128	12.507	14.745	64.622	13.503	25.343	170.26	0.22356	23.634	0.0058814	vapor
295.00	223.60	0.090530	11.046	12.504	14.740	64.555	13.510	25.382	170.21	0.22350	23.641	0.0058856	vapor
295.00	225.08	0.091194	10.966	12.501	14.735	64.489	13.518	25.422	170.17	0.22345	23.648	0.0058898	vapor
295.00	226.57	0.091858	10.886	12.498	14.731	64.424	13.526	25.461	170.12	0.22339	23.654	0.0058940	vapor
295.00	228.05	0.092524	10.808	12.495	14.726	64.359	13.534	25.500	170.08	0.22333	23.661	0.0058982	vapor
295.00	229.53	0.093191	10.731	12.492	14.721	64.294	13.542	25.540	170.04	0.22327	23.668	0.0059024	vapor
295.00	231.02	0.093858	10.654	12.488	14.716	64.229	13.549	25.580	169.99	0.22321	23.675	0.0059066	vapor
295.00	232.50	0.094527	10.579	12.485	14.712	64.165	13.557	25.620	169.95	0.22315	23.682	0.0059109	vapor
295.00	233.98	0.095197	10.505	12.482	14.707	64.101	13.565	25.660	169.90	0.22310	23.689	0.0059152	vapor
295.00	235.47	0.095867	10.431	12.479	14.702	64.037	13.573	25.700	169.86	0.22304	23.696	0.0059194	vapor
295.00	236.95	0.096539	10.358	12.476	14.698	63.974	13.581	25.741	169.82	0.22298	23.703	0.0059237	vapor
295.00	238.43	0.097212	10.287	12.473	14.693	63.911	13.589	25.781	169.77	0.22292	23.710	0.0059281	vapor
295.00	239.92	0.097886	10.216	12.469	14.688	63.848	13.597	25.822	169.73	0.22286	23.717	0.0059324	vapor
295.00	241.40	0.098560	10.146	12.466	14.683	63.786	13.605	25.863	169.68	0.22280	23.724	0.0059367	vapor
295.00	242.88	0.099236	10.077	12.463	14.679	63.723	13.613	25.904	169.64	0.22274	23.731	0.0059411	vapor
295.00	244.37	0.099913	10.009	12.460	14.674	63.662	13.620	25.945	169.59	0.22268	23.738	0.0059455	vapor
295.00	245.85	0.10059	9.9413	12.457	14.669	63.600	13.628	25.987	169.55	0.22262	23.745	0.0059499	vapor
295.00	247.33	0.10127	9.8746	12.453	14.664	63.539	13.636	26.028	169.50	0.22256	23.752	0.0059543	vapor
295.00	248.82	0.10195	9.8088	12.450	14.660	63.478	13.644	26.070	169.46	0.22250	23.759	0.0059587	vapor
295.00	250.30	0.10263	9.7437	12.447	14.655	63.417	13.652	26.112	169.42	0.22244	23.766	0.0059631	vapor
295.00	251.78	0.10331	9.6794	12.444	14.650	63.357	13.661	26.154	169.37	0.22238	23.773	0.0059676	vapor
295.00	253.27	0.10400	9.6158	12.441	14.645	63.296	13.669	26.196	169.33	0.22232	23.781	0.0059721	vapor
295.00	254.75	0.10468	9.5529	12.437	14.640	63.237	13.677	26.239	169.28	0.22226	23.788	0.0059766	vapor
295.00	256.23	0.10537	9.4908	12.434	14.636	63.177	13.685	26.281	169.24	0.22220	23.795	0.0059811	vapor
295.00	257.72	0.10605	9.4294	12.431	14.631	63.117	13.693	26.324	169.19	0.22213	23.802	0.0059856	vapor
295.00	259.20	0.10674	9.3687	12.428	14.626	63.058	13.701	26.367	169.15	0.22207	23.809	0.0059901	vapor
295.00	260.68	0.10743	9.3086	12.424	14.621	62.999	13.709	26.410	169.10	0.22201	23.817	0.0059947	vapor
295.00	262.17	0.10812	9.2493	12.421	14.616	62.941	13.717	26.453	169.06	0.22195	23.824	0.0059993	vapor
295.00	263.65	0.10881	9.1905	12.418	14.611	62.882	13.725	26.497	169.01	0.22189	23.831	0.0060038	vapor
295.00	265.13	0.10950	9.1325	12.415	14.607	62.824	13.734	26.540	168.97	0.22183	23.838	0.0060084	vapor
295.00	266.62	0.11019	9.0751	12.411	14.602	62.766	13.742	26.584	168.92	0.22176	23.846	0.0060131	vapor
295.00	268.10	0.11089	9.0183	12.408	14.597	62.709	13.750	26.628	168.88	0.22170	23.853	0.0060177	vapor
295.00	269.58	0.11158	8.9621	12.405	14.592	62.651	13.758	26.672	168.83	0.22164	23.860	0.0060224	vapor
295.00	271.07	0.11228	8.9065	12.402	14.587	62.594	13.767	26.717	168.78	0.22157	23.868	0.0060270	vapor
295.00	272.55	0.11297	8.8516	12.398	14.582	62.537	13.775	26.761	168.74	0.22151	23.875	0.0060317	vapor
295.00	274.03	0.11367	8.7972	12.395	14.577	62.480	13.783	26.806	168.69	0.22145	23.883	0.0060364	vapor
295.00	275.52	0.11437	8.7434	12.392	14.572	62.424	13.791	26.851	168.65	0.22139	23.890	0.0060411	vapor
295.00	277.00	0.11507	8.6901	12.389	14.568	62.368	13.800	26.896	168.60	0.22132	23.897	0.0060459	vapor
295.00	278.48	0.11577	8.6375	12.385	14.563	62.312	13.808	26.941	168.56	0.22126	23.905	0.0060506	vapor
295.00	279.97	0.11648	8.5853	12.382	14.558	62.256	13.816	26.987	168.51	0.22119	23.912	0.0060554	vapor
295.00	281.45	0.11718	8.5338	12.379	14.553	62.200	13.825	27.032	168.47	0.22113	23.920	0.0060602	vapor
295.00	282.93	0.11789	8.4827	12.375	14.548	62.145	13.833	27.078	168.42	0.22107	23.927	0.0060650	vapor
295.00	284.42	0.11859	8.4322	12.372	14.543	62.089	13.842	27.124	168.37	0.22100	23.935	0.0060698	vapor
295.00	285.90	0.11930	8.3822	12.369	14.538	62.034	13.850	27.171	168.33	0.22094	23.942	0.0060747	vapor
295.00	287.38	0.12001	8.3327	12.365	14.533	61.980	13.859	27.217	168.28	0.22087	23.950	0.0060795	vapor
295.00	288.87	0.12072	8.2837	12.362	14.528	61.925	13.867	27.264	168.24	0.22081	23.958	0.0060844	vapor
295.00	290.35	0.12143	8.2352	12.359	14.523	61.871	13.875	27.311	168.19	0.22074	23.965	0.0060893	vapor
295.00	291.83	0.12214	8.1872	12.355	14.518	61.816	13.884	27.358	168.15	0.22068	23.973	0.0060942	vapor
295.00	293.32	0.12286	8.1396	12.352	14.513	61.762	13.893	27.405	168.10	0.22061	23.980	0.0060992	vapor
295.00	294.80	0.12357	8.0926	12.349	14.508	61.708	13.901	27.452	168.05	0.22054	23.988	0.0061041	vapor
295.00	296.28	0.12429	8.0459	12.345	14.503	61.655	13.910	27.500	168.01	0.22048	23.996	0.0061091	vapor
295.00	297.77	0.12500	7.9998	12.342	14.498	61.601	13.918	27.548	167.96	0.22041	24.004	0.0061141	vapor
295.00	299.25	0.12572	7.9541	12.339	14.493	61.548	13.927	27.596	167.91	0.22034	24.011	0.0061191	vapor
295.00	300.73	0.12644	7.9089	12.335	14.488	61.495	13.935	27.644	167.87	0.22028	24.019	0.0061241	vapor
295.00	302.22	0.12716	7.8640	12.332	14.483	61.442	13.944	27.693	167.82	0.22021	24.027	0.0061291	vapor
295.00	303.70	0.12788	7.8197	12.328	14.478	61.389	13.953	27.742	167.78	0.22014	24.035	0.0061342	vapor
295.00	305.18	0.12861	7.7757	12.325	14.473	61.337	13.961	27.790	167.73	0.22008	24.042	0.0061393	vapor
295.00	306.67	0.12933	7.7321	12.322	14.468	61.284	13.970	27.840	167.68	0.22001	24.050	0.0061444	vapor
295.00	308.15	0.13006	7.6890	12.318	14.463	61.232	13.979	27.889	167.64	0.21994	24.058	0.0061495	vapor
295.00	309.63	0.13078	7.6463	12.315	14.458	61.180	13.988	27.939	167.59	0.21987	24.066	0.0061546	vapor
295.00	311.12	0.13151	7.6040	12.311	14.453	61.128	13.996	27.988	167.54	0.21981	24.074	0.0061598	vapor
295.00	312.60	0.13224	7.5620	12.308	14.448	61.076	14.005	28.038	167.50	0.21974	24.082	0.0061650	vapor
295.00	314.08	0.13297	7.5205	12.305	14.443	61.025	14.014	28.089	167.45	0.21967	24.090	0.0061701	vapor
295.00	315.57	0.13370	7.4793	12.301	14.438	60.974	14.023	28.139	167.40	0.21960	24.098	0.0061754	vapor
295.00	317.05	0.13443	7.4386	12.298	14.433	60.922	14.032	28.190	167.36	0.21953	24.106	0.0061806	vapor
295.00	318.53	0.13517	7.3982	12.294	14.427	60.871	14.040	28.241	167.31	0.21946	24.114	0.0061858	vapor
295.00	320.02	0.13590	7.3581	12.291	14.422	60.820	14.049	28.292	167.26	0.21939	24.122	0.0061911	vapor
295.00	321.50	0.13664	7.3184	12.287	14.417	60.770	14.058	28.343	167.22	0.21932	24.130	0.0061964	vapor
295.00	322.98	0.13738	7.2791	12.284	14.412	60.719	14.067	28.395	167.17	0.21925	24.138	0.0062017	vapor
295.00	324.47	0.13812	7.2402	12.280	14.407	60.669	14.076	28.447	167.12	0.21918	24.146	0.0062070	vapor
295.00	325.95	0.13886	7.2015	12.277	14.402	60.618	14.085	28.499	167.07	0.21911	24.154	0.0062124	vapor
295.00	327.43	0.13960	7.1633	12.273	14.397	60.568	14.094	28.551	167.03	0.21904	24.162	0.0062177	vapor
295.00	328.92	0.14034	7.1253	12.270	14.391	60.518	14.103	28.604	166.98	0.21897	24.170	0.0062231	vapor
295.00	330.40	0.14109	7.0877	12.266	14.386	60.468	14.112	28.656	166.93	0.21890	24.178	0.0062285	vapor
295.00	331.88	0.14183	7.0504	12.263	14.381	60.418	14.121	28.709	166.88	0.21883	24.187	0.0062340	vapor
295.00	333.37	0.14258	7.0135	12.259	14.376	60.369	14.130	28.763	166.84	0.21876	24.195	0.0062394	vapor
295.00	334.85	0.14333	6.9769	12.256	14.371	60.319	14.139	28.816	166.79	0.21869	24.203	0.0062449	vapor
295.00	336.33	0.14408	6.9406	12.252	14.366	60.270	14.148	28.870	166.74	0.21862	24.211	0.0062504	vapor
295.00	337.82	0.14483	6.9046	12.249	14.360	60.221	14.158	28.924	166.69	0.21854	24.220	0.0062559	vapor
295.00	339.30	0.14558	6.8689	12.245	14.355	60.172	14.167	28.978	166.65	0.21847	24.228	0.0062614	vapor
295.00	340.78	0.14634	6.8335	12.242	14.350	60.123	14.176	29.033	166.60	0.21840	24.236	0.0062670	vapor
295.00	342.27	0.14709	6.7984	12.238	14.345	60.074	14.185	29.088	166.55	0.21833	24.245	0.0062725	vapor
295.00	343.75	0.14785	6.7636	12.235	14.339	60.026	14.194	29.143	166.50	0.21825	24.253	0.0062781	vapor
295.00	345.23	0.14861	6.7291	12.231	14.334	59.977	14.204	29.198	166.46	0.21818	24.261	0.0062838	vapor
295.00	346.72	0.14937	6.6949	12.228	14.329	59.929	14.213	29.254	166.41	0.21811	24.270	0.0062894	vapor
295.00	348.20	0.15013	6.6609	12.224	14.324	59.881	14.222	29.309	166.36	0.21803	24.278	0.0062950	vapor
295.00	349.68	0.15089	6.6273	12.221	14.318	59.833	14.232	29.366	166.31	0.21796	24.287	0.0063007	vapor
295.00	351.17	0.15166	6.5939	12.217	14.313	59.785	14.241	29.422	166.26	0.21788	24.295	0.0063064	vapor
295.00	352.65	0.15242	6.5608	12.213	14.308	59.737	14.250	29.479	166.22	0.21781	24.304	0.0063121	vapor
295.00	354.13	0.15319	6.5280	12.210	14.303	59.689	14.260	29.535	166.17	0.21774	24.312	0.0063179	vapor
295.00	355.62	0.15395	6.4954	12.206	14.297	59.641	14.269	29.593	166.12	0.21766	24.321	0.0063237	vapor
295.00	357.10	0.15472	6.4631	12.203	14.292	59.594	14.279	29.650	166.07	0.21759	24.330	0.0063294	vapor
295.00	358.58	0.15549	6.4311	12.199	14.287	59.547	14.288	29.708	166.02	0.21751	24.338	0.0063353	vapor
295.00	360.07	0.15627	6.3993	12.196	14.281	59.499	14.298	29.766	165.97	0.21743	24.347	0.0063411	vapor
295.00	361.55	0.15704	6.3678	12.192	14.276	59.452	14.307	29.824	165.92	0.21736	24.356	0.0063469	vapor
295.00	363.03	0.15782	6.3365	12.188	14.271	59.405	14.317	29.883	165.88	0.21728	24.364	0.0063528	vapor
295.00	364.52	0.15859	6.3055	12.185	14.265	59.358	14.326	29.942	165.83	0.21721	24.373	0.0063587	vapor
295.00	366.00	0.15937	6.2747	12.181	14.260	59.311	14.336	30.001	165.78	0.21713	24.382	0.0063646	vapor
295.00	367.48	0.16015	6.2442	12.177	14.255	59.265	14.345	30.060	165.73	0.21705	24.390	0.0063706	vapor
295.00	368.97	0.16093	6.2139	12.174	14.249	59.218	14.355	30.120	165.68	0.21698	24.399	0.0063766	vapor
295.00	370.45	0.16171	6.1838	12.170	14.244	59.172	14.365	30.180	165.63	0.21690	24.408	0.0063826	vapor
295.00	371.93	0.16250	6.1540	12.166	14.238	59.125	14.374	30.240	165.58	0.21682	24.417	0.0063886	vapor
295.00	373.42	0.16328	6.1244	12.163	14.233	59.079	14.384	30.301	165.53	0.21674	24.426	0.0063946	vapor
295.00	374.90	0.16407	6.0950	12.159	14.228	59.033	14.394	30.362	165.49	0.21666	24.435	0.0064007	vapor
295.00	376.38	0.16486	6.0658	12.155	14.222	58.987	14.404	30.423	165.44	0.21659	24.444	0.0064068	vapor
295.00	377.87	0.16565	6.0369	12.152	14.217	58.941	14.413	30.484	165.39	0.21651	24.453	0.0064129	vapor
295.00	379.35	0.16644	6.0082	12.148	14.211	58.895	14.423	30.546	165.34	0.21643	24.462	0.0064190	vapor
295.00	380.83	0.16723	5.9797	12.144	14.206	58.849	14.433	30.608	165.29	0.21635	24.471	0.0064252	vapor
295.00	382.32	0.16803	5.9514	12.141	14.200	58.803	14.443	30.671	165.24	0.21627	24.480	0.0064313	vapor
295.00	383.80	0.16882	5.9233	12.137	14.195	58.758	14.453	30.734	165.19	0.21619	24.489	0.0064375	vapor
295.00	385.28	0.16962	5.8955	12.133	14.189	58.712	14.463	30.797	165.14	0.21611	24.498	0.0064438	vapor
295.00	386.77	0.17042	5.8678	12.129	14.184	58.667	14.473	30.860	165.09	0.21603	24.507	0.0064500	vapor
295.00	388.25	0.17122	5.8404	12.126	14.178	58.622	14.483	30.924	165.04	0.21595	24.516	0.0064563	vapor
295.00	389.73	0.17202	5.8131	12.122	14.173	58.576	14.493	30.988	164.99	0.21587	24.525	0.0064626	vapor
295.00	391.22	0.17283	5.7861	12.118	14.167	58.531	14.503	31.052	164.94	0.21579	24.534	0.0064690	vapor
295.00	392.70	0.17363	5.7592	12.115	14.162	58.486	14.513	31.117	164.89	0.21570	24.544	0.0064753	vapor
295.00	394.18	0.17444	5.7326	12.111	14.156	58.441	14.523	31.182	164.84	0.21562	24.553	0.0064817	vapor
295.00	395.67	0.17525	5.7061	12.107	14.151	58.397	14.533	31.248	164.79	0.21554	24.562	0.0064881	vapor
295.00	397.15	0.17606	5.6799	12.103	14.145	58.352	14.543	31.313	164.74	0.21546	24.571	0.0064945	vapor
295.00	398.63	0.17687	5.6538	12.099	14.140	58.307	14.553	31.380	164.69	0.21538	24.581	0.0065010	vapor
295.00	400.12	0.17769	5.6279	12.096	14.134	58.263	14.564	31.446	164.64	0.21529	24.590	0.0065075	vapor
295.00	401.60	0.17850	5.6022	12.092	14.128	58.218	14.574	31.513	164.59	0.21521	24.600	0.0065140	vapor
295.00	403.08	0.17932	5.5766	12.088	14.123	58.174	14.584	31.580	164.54	0.21513	24.609	0.0065205	vapor
295.00	404.57	0.18014	5.5513	12.084	14.117	58.129	14.594	31.647	164.49	0.21504	24.618	0.0065271	vapor
295.00	406.05	0.18096	5.5261	12.080	14.112	58.085	14.605	31.715	164.44	0.21496	24.628	0.0065337	vapor
295.00	407.53	0.18178	5.5011	12.077	14.106	58.041	14.615	31.783	164.39	0.21487	24.637	0.0065403	vapor
295.00	409.02	0.18260	5.4763	12.073	14.100	57.997	14.626	31.852	164.34	0.21479	24.647	0.0065469	vapor
295.00	410.50	0.18343	5.4517	12.069	14.095	57.953	14.636	31.921	164.29	0.21470	24.657	0.0065536	vapor
295.00	411.98	0.18426	5.4272	12.065	14.089	57.909	14.646	31.990	164.24	0.21462	24.666	0.0065603	vapor
295.00	413.47	0.18509	5.4029	12.061	14.083	57.865	14.657	32.060	164.18	0.21453	24.676	0.0065670	vapor
295.00	414.95	0.18592	5.3787	12.057	14.078	57.821	14.667	32.130	164.13	0.21445	24.685	0.0065738	vapor
295.00	416.43	0.18675	5.3548	12.054	14.072	57.778	14.678	32.200	164.08	0.21436	24.695	0.0065806	vapor
295.00	417.92	0.18758	5.3309	12.050	14.066	57.734	14.689	32.271	164.03	0.21427	24.705	0.0065874	vapor
295.00	419.40	0.18842	5.3073	12.046	14.061	57.691	14.699	32.342	163.98	0.21419	24.715	0.0065942	vapor
295.00	420.88	0.18926	5.2838	12.042	14.055	57.647	14.710	32.414	163.93	0.21410	24.724	0.0066011	vapor
295.00	422.37	0.19010	5.2605	12.038	14.049	57.604	14.720	32.486	163.88	0.21401	24.734	0.0066080	vapor
295.00	423.85	0.19094	5.2373	12.034	14.044	57.560	14.731	32.558	163.83	0.21392	24.744	0.0066149	vapor
295.00	425.33	0.19178	5.2143	12.030	14.038	57.517	14.742	32.631	163.78	0.21384	24.754	0.0066219	vapor
295.00	426.82	0.19263	5.1914	12.026	14.032	57.474	14.753	32.704	163.72	0.21375	24.764	0.0066289	vapor
295.00	428.30	0.19347	5.1687	12.022	14.026	57.431	14.763	32.778	163.67	0.21366	24.774	0.0066359	vapor
295.00	429.78	0.19432	5.1461	12.018	14.020	57.388	14.774	32.852	163.62	0.21357	24.784	0.0066429	vapor
295.00	431.27	0.19517	5.1237	12.014	14.015	57.345	14.785	32.926	163.57	0.21348	24.794	0.0066500	vapor
295.00	432.75	0.19602	5.1014	12.010	14.009	57.302	14.796	33.001	163.52	0.21339	24.804	0.0066571	vapor
295.00	434.23	0.19688	5.0793	12.007	14.003	57.259	14.807	33.076	163.46	0.21330	24.814	0.0066642	vapor
295.00	435.72	0.19773	5.0573	12.003	13.997	57.216	14.818	33.152	163.41	0.21321	24.824	0.0066714	vapor
295.00	437.20	0.19859	5.0354	11.999	13.991	57.173	14.829	33.228	163.36	0.21312	24.834	0.0066786	vapor
295.00	438.68	0.19945	5.0137	11.995	13.986	57.131	14.840	33.304	163.31	0.21303	24.844	0.0066858	vapor
295.00	440.17	0.20031	4.9922	11.991	13.980	57.088	14.851	33.381	163.26	0.21294	24.855	0.0066931	vapor
295.00	441.65	0.20118	4.9707	11.987	13.974	57.046	14.862	33.458	163.20	0.21284	24.865	0.0067004	vapor
295.00	443.13	0.20204	4.9495	11.983	13.968	57.003	14.873	33.536	163.15	0.21275	24.875	0.0067077	vapor
295.00	444.62	0.20291	4.9283	11.979	13.962	56.961	14.884	33.615	163.10	0.21266	24.885	0.0067150	vapor
295.00	446.10	0.20378	4.9073	11.975	13.956	56.918	14.896	33.693	163.05	0.21257	24.896	0.0067224	vapor
295.00	447.58	0.20465	4.8864	11.971	13.950	56.876	14.907	33.772	162.99	0.21247	24.906	0.0067298	vapor
295.00	449.07	0.20552	4.8656	11.966	13.944	56.834	14.918	33.852	162.94	0.21238	24.917	0.0067373	vapor
295.00	450.55	0.20640	4.8450	11.962	13.938	56.792	14.930	33.932	162.89	0.21229	24.927	0.0067448	vapor
295.00	452.03	0.20728	4.8245	11.958	13.933	56.749	14.941	34.013	162.84	0.21219	24.937	0.0067523	vapor
295.00	453.52	0.20815	4.8041	11.954	13.927	56.707	14.952	34.094	162.78	0.21210	24.948	0.0067598	vapor
295.00	455.00	0.20904	4.7839	11.950	13.921	56.665	14.964	34.175	162.73	0.21200	24.959	0.0067674	vapor
295.00	456.48	0.20992	4.7638	11.946	13.915	56.623	14.975	34.257	162.68	0.21191	24.969	0.0067750	vapor
295.00	457.97	0.21080	4.7438	11.942	13.909	56.581	14.987	34.339	162.62	0.21181	24.980	0.0067827	vapor
295.00	459.45	0.21169	4.7239	11.938	13.903	56.539	14.998	34.422	162.57	0.21171	24.990	0.0067903	vapor
295.00	460.93	0.21258	4.7041	11.934	13.897	56.498	15.010	34.506	162.52	0.21162	25.001	0.0067981	vapor
295.00	462.42	0.21347	4.6845	11.930	13.891	56.456	15.021	34.590	162.46	0.21152	25.012	0.0068058	vapor
295.00	463.90	0.21436	4.6650	11.926	13.885	56.414	15.033	34.674	162.41	0.21142	25.023	0.0068136	vapor
295.00	465.38	0.21526	4.6456	11.921	13.879	56.372	15.045	34.759	162.36	0.21133	25.033	0.0068214	vapor
295.00	466.87	0.21616	4.6263	11.917	13.872	56.331	15.056	34.844	162.30	0.21123	25.044	0.0068293	vapor
295.00	468.35	0.21706	4.6071	11.913	13.866	56.289	15.068	34.930	162.25	0.21113	25.055	0.0068372	vapor
295.00	469.83	0.21796	4.5880	11.909	13.860	56.248	15.080	35.017	162.19	0.21103	25.066	0.0068451	vapor
295.00	471.32	0.21886	4.5691	11.905	13.854	56.206	15.092	35.104	162.14	0.21093	25.077	0.0068531	vapor
295.00	472.80	0.21977	4.5503	11.901	13.848	56.165	15.104	35.191	162.09	0.21083	25.088	0.0068611	vapor
295.00	474.28	0.22068	4.5315	11.896	13.842	56.123	15.116	35.279	162.03	0.21073	25.099	0.0068691	vapor
295.00	475.77	0.22159	4.5129	11.892	13.836	56.082	15.128	35.368	161.98	0.21063	25.110	0.0068772	vapor
295.00	477.25	0.22250	4.4944	11.888	13.830	56.041	15.140	35.457	161.92	0.21053	25.121	0.0068853	vapor
295.00	478.73	0.22341	4.4760	11.884	13.824	55.999	15.152	35.547	161.87	0.21043	25.132	0.0068934	vapor
295.00	480.22	0.22433	4.4577	11.880	13.817	55.958	15.164	35.637	161.81	0.21033	25.144	0.0069016	vapor
295.00	481.70	0.22525	4.4395	11.875	13.811	55.917	15.176	35.728	161.76	0.21023	25.155	0.0069098	vapor
295.00	483.18	0.22617	4.4214	11.871	13.805	55.876	15.188	35.819	161.70	0.21012	25.166	0.0069181	vapor
295.00	484.67	0.22709	4.4035	11.867	13.799	55.834	15.200	35.911	161.65	0.21002	25.178	0.0069264	vapor
295.00	486.15	0.22802	4.3856	11.863	13.793	55.793	15.213	36.004	161.60	0.20992	25.189	0.0069348	vapor
295.00	487.63	0.22895	4.3678	11.858	13.786	55.752	15.225	36.097	161.54	0.20982	25.200	0.0069431	vapor
295.00	489.12	0.22988	4.3501	11.854	13.780	55.711	15.237	36.190	161.48	0.20971	25.212	0.0069516	vapor
295.00	490.60	0.23081	4.3325	11.850	13.774	55.670	15.250	36.285	161.43	0.20961	25.223	0.0069600	vapor
295.00	492.08	0.23175	4.3151	11.845	13.768	55.629	15.262	36.380	161.37	0.20950	25.235	0.0069685	vapor
295.00	493.57	0.23268	4.2977	11.841	13.761	55.588	15.275	36.475	161.32	0.20940	25.246	0.0069771	vapor
295.00	495.05	0.23362	4.2804	11.837	13.755	55.548	15.287	36.571	161.26	0.20929	25.258	0.0069857	vapor
295.00	496.53	0.23456	4.2632	11.832	13.749	55.507	15.300	36.668	161.21	0.20919	25.270	0.0069943	vapor
295.00	498.02	0.23551	4.2461	11.828	13.742	55.466	15.312	36.765	161.15	0.20908	25.281	0.0070030	vapor
295.00	499.50	0.23646	4.2291	11.824	13.736	55.425	15.325	36.863	161.10	0.20897	25.293	0.0070117	vapor
295.00	500.98	0.23741	4.2122	11.819	13.730	55.384	15.338	36.962	161.04	0.20886	25.305	0.0070204	vapor
295.00	502.47	0.23836	4.1954	11.815	13.723	55.344	15.351	37.061	160.98	0.20876	25.317	0.0070292	vapor
295.00	503.95	0.23931	4.1787	11.811	13.717	55.303	15.363	37.161	160.93	0.20865	25.329	0.0070381	vapor
295.00	505.43	0.24027	4.1620	11.806	13.710	55.262	15.376	37.261	160.87	0.20854	25.340	0.0070469	vapor
295.00	506.92	0.24123	4.1455	11.802	13.704	55.222	15.389	37.363	160.82	0.20843	25.352	0.0070559	vapor
295.00	508.40	0.24219	4.1290	11.797	13.698	55.181	15.402	37.464	160.76	0.20832	25.364	0.0070648	vapor
295.00	509.88	0.24315	4.1127	11.793	13.691	55.140	15.415	37.567	160.70	0.20821	25.377	0.0070739	vapor
295.00	511.37	0.24412	4.0964	11.789	13.685	55.100	15.428	37.670	160.65	0.20810	25.389	0.0070829	vapor
295.00	512.85	0.24509	4.0802	11.784	13.678	55.059	15.441	37.774	160.59	0.20799	25.401	0.0070920	vapor
295.00	514.33	0.24606	4.0641	11.780	13.672	55.019	15.454	37.879	160.53	0.20788	25.413	0.0071012	vapor
295.00	515.82	0.24703	4.0481	11.775	13.665	54.978	15.468	37.984	160.48	0.20777	25.425	0.0071104	vapor
295.00	517.30	0.24801	4.0321	11.771	13.659	54.938	15.481	38.090	160.42	0.20765	25.438	0.0071196	vapor
295.00	518.78	0.24899	4.0163	11.766	13.652	54.897	15.494	38.197	160.36	0.20754	25.450	0.0071289	vapor
295.00	520.27	0.24997	4.0005	11.762	13.646	54.857	15.507	38.304	160.30	0.20743	25.462	0.0071383	vapor
295.00	521.75	0.25095	3.9848	11.757	13.639	54.817	15.521	38.412	160.25	0.20731	25.475	0.0071476	vapor
295.00	523.23	0.25194	3.9692	11.753	13.633	54.776	15.534	38.521	160.19	0.20720	25.487	0.0071571	vapor
295.00	524.72	0.25293	3.9537	11.748	13.626	54.736	15.548	38.631	160.13	0.20709	25.500	0.0071666	vapor
295.00	526.20	0.25392	3.9382	11.744	13.619	54.696	15.561	38.742	160.07	0.20697	25.512	0.0071761	vapor
295.00	527.68	0.25492	3.9228	11.739	13.613	54.655	15.575	38.853	160.02	0.20685	25.525	0.0071857	vapor
295.00	529.17	0.25592	3.9075	11.734	13.606	54.615	15.589	38.965	159.96	0.20674	25.538	0.0071953	vapor
295.00	530.65	0.25692	3.8923	11.730	13.600	54.575	15.602	39.078	159.90	0.20662	25.550	0.0072050	vapor
295.00	532.13	0.25792	3.8772	11.725	13.593	54.534	15.616	39.191	159.84	0.20650	25.563	0.0072148	vapor
295.00	533.62	0.25893	3.8621	11.721	13.586	54.494	15.630	39.306	159.78	0.20639	25.576	0.0072245	vapor
295.00	535.10	0.25993	3.8471	11.716	13.580	54.454	15.644	39.421	159.73	0.20627	25.589	0.0072344	vapor
295.00	536.58	0.26095	3.8322	11.711	13.573	54.414	15.658	39.537	159.67	0.20615	25.602	0.0072443	vapor
295.00	538.07	0.26196	3.8174	11.707	13.566	54.374	15.672	39.653	159.61	0.20603	25.615	0.0072542	vapor
295.00	539.55	0.26298	3.8026	11.702	13.559	54.333	15.686	39.771	159.55	0.20591	25.628	0.0072642	vapor
295.00	541.03	0.26400	3.7879	11.697	13.553	54.293	15.700	39.890	159.49	0.20579	25.641	0.0072743	vapor
295.00	542.52	0.26502	3.7733	11.693	13.546	54.253	15.714	40.009	159.43	0.20567	25.654	0.0072844	vapor
295.00	544.00	0.26605	3.7587	11.688	13.539	54.213	15.728	40.129	159.37	0.20555	25.667	0.0072946	vapor
295.00	545.48	0.26707	3.7443	11.683	13.532	54.173	15.742	40.250	159.31	0.20543	25.681	0.0073048	vapor
295.00	546.97	0.26811	3.7299	11.679	13.525	54.133	15.757	40.372	159.25	0.20530	25.694	0.0073151	vapor
295.00	548.45	0.26914	3.7155	11.674	13.519	54.092	15.771	40.495	159.19	0.20518	25.707	0.0073254	vapor
295.00	549.93	0.27018	3.7012	11.669	13.512	54.052	15.786	40.619	159.13	0.20506	25.721	0.0073358	vapor
295.00	551.42	0.27122	3.6870	11.664	13.505	54.012	15.800	40.743	159.07	0.20493	25.734	0.0073462	vapor
295.00	552.90	0.27226	3.6729	11.660	13.498	53.972	15.815	40.869	159.02	0.20481	25.748	0.0073567	vapor
295.00	554.38	0.27331	3.6588	11.655	13.491	53.932	15.829	40.996	158.96	0.20468	25.762	0.0073673	vapor
295.00	555.87	0.27436	3.6448	11.650	13.484	53.892	15.844	41.123	158.89	0.20456	25.775	0.0073779	vapor
295.00	557.35	0.27541	3.6309	11.645	13.477	53.852	15.859	41.251	158.83	0.20443	25.789	0.0073886	vapor
295.00	558.83	0.27647	3.6170	11.640	13.470	53.812	15.874	41.381	158.77	0.20430	25.803	0.0073994	vapor
295.00	560.32	0.27753	3.6032	11.636	13.463	53.772	15.888	41.511	158.71	0.20418	25.817	0.0074102	vapor
295.00	561.80	0.27859	3.5895	11.631	13.456	53.732	15.903	41.643	158.65	0.20405	25.830	0.0074210	vapor
295.00	563.28	0.27966	3.5758	11.626	13.449	53.692	15.918	41.775	158.59	0.20392	25.844	0.0074320	vapor
295.00	564.77	0.28072	3.5622	11.621	13.442	53.651	15.933	41.908	158.53	0.20379	25.858	0.0074430	vapor
295.00	566.25	0.28180	3.5487	11.616	13.435	53.611	15.949	42.043	158.47	0.20366	25.873	0.0074540	vapor
295.00	567.73	0.28287	3.5352	11.611	13.428	53.571	15.964	42.178	158.41	0.20353	25.887	0.0074651	vapor
295.00	569.22	0.28395	3.5217	11.606	13.421	53.531	15.979	42.315	158.35	0.20340	25.901	0.0074763	vapor
295.00	570.70	0.28503	3.5084	11.601	13.414	53.491	15.994	42.452	158.29	0.20327	25.915	0.0074876	vapor
295.00	572.18	0.28612	3.4951	11.596	13.407	53.451	16.010	42.591	158.23	0.20314	25.930	0.0074989	vapor
295.00	573.67	0.28721	3.4818	11.592	13.400	53.411	16.025	42.730	158.16	0.20301	25.944	0.0075103	vapor
295.00	575.15	0.28830	3.4686	11.587	13.392	53.371	16.041	42.871	158.10	0.20287	25.958	0.0075217	vapor
295.00	576.63	0.28939	3.4555	11.582	13.385	53.331	16.056	43.013	158.04	0.20274	25.973	0.0075333	vapor
295.00	578.12	0.29049	3.4424	11.577	13.378	53.291	16.072	43.156	157.98	0.20260	25.988	0.0075449	vapor
295.00	579.60	0.29159	3.4294	11.572	13.371	53.251	16.088	43.300	157.92	0.20247	26.002	0.0075565	vapor
295.00	581.08	0.29270	3.4165	11.567	13.364	53.211	16.104	43.446	157.85	0.20233	26.017	0.0075683	vapor
295.00	582.57	0.29381	3.4036	11.562	13.356	53.170	16.120	43.592	157.79	0.20220	26.032	0.0075801	vapor
295.00	584.05	0.29492	3.3907	11.556	13.349	53.130	16.136	43.740	157.73	0.20206	26.047	0.0075919	vapor
295.00	585.53	0.29604	3.3780	11.551	13.342	53.090	16.152	43.889	157.66	0.20192	26.062	0.0076039	vapor
295.00	587.02	0.29716	3.3652	11.546	13.335	53.050	16.168	44.039	157.60	0.20178	26.077	0.0076159	vapor
295.00	588.50	0.29828	3.3526	11.541	13.327	53.010	16.184	44.190	157.54	0.20164	26.092	0.0076280	vapor
295.00	589.98	0.29941	3.3399	11.536	13.320	52.970	16.200	44.342	157.48	0.20150	26.107	0.0076402	vapor
295.00	591.47	0.30054	3.3274	11.531	13.312	52.930	16.217	44.496	157.41	0.20136	26.122	0.0076524	vapor
295.00	592.95	0.30167	3.3149	11.526	13.305	52.889	16.233	44.651	157.35	0.20122	26.137	0.0076648	vapor
295.00	594.43	0.30281	3.3024	11.521	13.298	52.849	16.249	44.808	157.28	0.20108	26.153	0.0076772	vapor
295.00	595.92	0.30395	3.2900	11.515	13.290	52.809	16.266	44.965	157.22	0.20094	26.168	0.0076897	vapor
295.00	597.40	0.30510	3.2776	11.510	13.283	52.769	16.283	45.124	157.16	0.20080	26.184	0.0077022	vapor
295.00	598.88	0.30625	3.2653	11.505	13.275	52.729	16.299	45.285	157.09	0.20065	26.199	0.0077149	vapor
295.00	600.37	0.30740	3.2531	11.500	13.268	52.688	16.316	45.446	157.03	0.20051	26.215	0.0077276	vapor
295.00	601.85	0.30856	3.2409	11.495	13.260	52.648	16.333	45.610	156.96	0.20036	26.231	0.0077404	vapor
295.00	603.33	0.30972	3.2287	11.489	13.253	52.608	16.350	45.774	156.90	0.20022	26.246	0.0077533	vapor
295.00	604.82	0.31088	3.2166	11.484	13.245	52.567	16.367	45.940	156.83	0.20007	26.262	0.0077663	vapor
295.00	606.30	0.31205	3.2046	11.479	13.238	52.527	16.384	46.107	156.77	0.19992	26.278	0.0077793	vapor
295.00	607.78	0.31323	3.1926	11.473	13.230	52.487	16.401	46.276	156.70	0.19978	26.294	0.0077925	vapor
295.00	609.27	0.31440	3.1806	11.468	13.222	52.446	16.419	46.446	156.64	0.19963	26.311	0.0078057	vapor
295.00	610.75	0.31558	3.1687	11.463	13.215	52.406	16.436	46.618	156.57	0.19948	26.327	0.0078191	vapor
295.00	612.23	0.31677	3.1569	11.457	13.207	52.366	16.454	46.791	156.51	0.19933	26.343	0.0078325	vapor
295.00	613.72	0.31796	3.1451	11.452	13.199	52.325	16.471	46.966	156.44	0.19918	26.359	0.0078460	vapor
295.00	615.20	0.31915	3.1333	11.447	13.192	52.285	16.489	47.142	156.37	0.19903	26.376	0.0078596	vapor
295.00	616.68	0.32035	3.1216	11.441	13.184	52.244	16.506	47.320	156.31	0.19887	26.392	0.0078733	vapor
295.00	618.17	0.32155	3.1099	11.436	13.176	52.204	16.524	47.500	156.24	0.19872	26.409	0.0078870	vapor
295.00	619.65	0.32276	3.0983	11.430	13.168	52.163	16.542	47.681	156.18	0.19857	26.426	0.0079009	vapor
295.00	621.13	0.32397	3.0867	11.425	13.160	52.123	16.560	47.863	156.11	0.19841	26.443	0.0079149	vapor
295.00	622.62	0.32519	3.0752	11.419	13.153	52.082	16.578	48.048	156.04	0.19826	26.459	0.0079290	vapor
295.00	624.10	0.32640	3.0637	11.414	13.145	52.041	16.596	48.234	155.98	0.19810	26.476	0.0079431	vapor
295.00	625.58	0.32763	3.0522	11.408	13.137	52.001	16.615	48.422	155.91	0.19794	26.493	0.0079574	vapor
295.00	627.07	0.32886	3.0408	11.403	13.129	51.960	16.633	48.611	155.84	0.19779	26.511	0.0079718	vapor
295.00	628.55	0.33009	3.0295	11.397	13.121	51.919	16.652	48.802	155.77	0.19763	26.528	0.0079862	vapor
295.00	630.03	0.33133	3.0182	11.392	13.113	51.879	16.670	48.996	155.70	0.19747	26.545	0.0080008	vapor
295.00	631.52	0.33257	3.0069	11.386	13.105	51.838	16.689	49.190	155.64	0.19731	26.563	0.0080155	vapor
295.00	633.00	0.33382	2.9957	11.381	13.097	51.797	16.708	49.387	155.57	0.19715	26.580	0.0080303	vapor
295.00	634.48	0.33507	2.9845	11.375	13.089	51.756	16.726	49.586	155.50	0.19699	26.598	0.0080451	vapor
295.00	635.97	0.33632	2.9733	11.369	13.081	51.715	16.745	49.786	155.43	0.19682	26.615	0.0080601	vapor
295.00	637.45	0.33759	2.9622	11.364	13.073	51.674	16.764	49.988	155.36	0.19666	26.633	0.0080752	vapor
295.00	638.93	0.33885	2.9511	11.358	13.065	51.633	16.784	50.193	155.29	0.19650	26.651	0.0080905	vapor
295.00	640.42	0.34012	2.9401	11.352	13.057	51.592	16.803	50.399	155.22	0.19633	26.669	0.0081058	vapor
295.00	641.90	0.34140	2.9291	11.346	13.048	51.551	16.822	50.607	155.16	0.19616	26.687	0.0081212	vapor
295.00	643.38	0.34268	2.9182	11.341	13.040	51.510	16.842	50.818	155.09	0.19600	26.705	0.0081368	vapor
295.00	644.87	0.34396	2.9073	11.335	13.032	51.469	16.861	51.030	155.02	0.19583	26.724	0.0081525	vapor
295.00	646.35	0.34525	2.8964	11.329	13.024	51.428	16.881	51.244	154.95	0.19566	26.742	0.0081683	vapor
295.00	647.83	0.34655	2.8856	11.323	13.016	51.387	16.901	51.461	154.88	0.19549	26.761	0.0081842	vapor
295.00	649.32	0.34785	2.8748	11.317	13.007	51.345	16.921	51.680	154.81	0.19532	26.779	0.0082002	vapor
295.00	650.80	0.34916	2.8640	11.312	12.999	51.304	16.941	51.901	154.74	0.19515	26.798	0.0082164	vapor
295.00	652.28	0.35047	2.8533	11.306	12.991	51.263	16.961	52.124	154.66	0.19498	26.817	0.0082327	vapor
295.00	653.77	0.35178	2.8426	11.300	12.982	51.221	16.981	52.349	154.59	0.19481	26.836	0.0082491	vapor
295.00	655.25	0.35311	2.8320	11.294	12.974	51.180	17.001	52.577	154.52	0.19463	26.855	0.0082656	vapor
295.00	656.73	0.35443	2.8214	11.288	12.965	51.138	17.022	52.807	154.45	0.19446	26.874	0.0082823	vapor
295.00	658.22	0.35577	2.8108	11.282	12.957	51.097	17.042	53.039	154.38	0.19428	26.893	0.0082991	vapor
295.00	659.70	0.35710	2.8003	11.276	12.948	51.055	17.063	53.274	154.31	0.19410	26.912	0.0083160	vapor
295.00	661.18	0.35845	2.7898	11.270	12.940	51.014	17.084	53.511	154.24	0.19393	26.932	0.0083331	vapor
295.00	662.67	0.35980	2.7793	11.264	12.931	50.972	17.105	53.751	154.16	0.19375	26.952	0.0083503	vapor
295.00	664.15	0.36115	2.7689	11.258	12.923	50.930	17.126	53.993	154.09	0.19357	26.971	0.0083676	vapor
295.00	665.63	0.36251	2.7585	11.252	12.914	50.888	17.147	54.238	154.02	0.19339	26.991	0.0083851	vapor
295.00	667.12	0.36388	2.7482	11.246	12.905	50.846	17.168	54.485	153.94	0.19320	27.011	0.0084027	vapor
295.00	668.60	0.36525	2.7378	11.240	12.897	50.804	17.190	54.735	153.87	0.19302	27.031	0.0084205	vapor
295.00	670.08	0.36663	2.7275	11.233	12.888	50.762	17.211	54.988	153.80	0.19284	27.051	0.0084384	vapor
295.00	671.57	0.36802	2.7173	11.227	12.879	50.720	17.233	55.244	153.72	0.19265	27.072	0.0084565	vapor
295.00	673.05	0.36941	2.7070	11.221	12.870	50.678	17.255	55.502	153.65	0.19247	27.092	0.0084747	vapor
295.00	674.53	0.37080	2.6969	11.215	12.862	50.636	17.277	55.763	153.58	0.19228	27.113	0.0084930	vapor
295.00	676.02	0.37221	2.6867	11.209	12.853	50.594	17.299	56.027	153.50	0.19209	27.133	0.0085116	vapor
295.00	677.50	0.37361	2.6766	11.202	12.844	50.551	17.321	56.294	153.43	0.19190	27.154	0.0085302	vapor
295.00	678.98	0.37503	2.6665	11.196	12.835	50.509	17.344	56.563	153.35	0.19171	27.175	0.0085491	vapor
295.00	680.47	0.37645	2.6564	11.190	12.826	50.467	17.366	56.836	153.28	0.19152	27.196	0.0085681	vapor
295.00	681.95	0.37788	2.6463	11.183	12.817	50.424	17.389	57.112	153.20	0.19133	27.217	0.0085873	vapor
295.00	683.43	0.37931	2.6363	11.177	12.808	50.381	17.411	57.391	153.13	0.19114	27.239	0.0086066	vapor
295.00	684.92	0.38075	2.6264	11.171	12.799	50.339	17.434	57.673	153.05	0.19094	27.260	0.0086261	vapor
295.00	686.40	0.38220	2.6164	11.164	12.790	50.296	17.457	57.959	152.97	0.19075	27.282	0.0086458	vapor
295.00	687.88	0.38366	2.6065	11.158	12.781	50.253	17.481	58.248	152.90	0.19055	27.304	0.0086656	vapor
295.00	689.37	0.38512	2.5966	11.151	12.771	50.210	17.504	58.540	152.82	0.19035	27.326	0.0086856	vapor
295.00	690.85	0.38659	2.5867	11.145	12.762	50.167	17.527	58.835	152.74	0.19015	27.348	0.0087058	vapor
295.00	692.33	0.38806	2.5769	11.138	12.753	50.124	17.551	59.134	152.67	0.18995	27.370	0.0087262	vapor
295.00	693.82	0.38954	2.5671	11.131	12.744	50.081	17.575	59.437	152.59	0.18975	27.392	0.0087468	vapor
295.00	695.30	0.39103	2.5573	11.125	12.734	50.038	17.599	59.743	152.51	0.18955	27.415	0.0087676	vapor
295.00	696.78	0.39253	2.5476	11.118	12.725	49.995	17.623	60.053	152.43	0.18934	27.437	0.0087885	vapor
295.00	698.27	0.39403	2.5379	11.112	12.716	49.951	17.647	60.366	152.35	0.18914	27.460	0.0088097	vapor
295.00	699.75	0.39554	2.5282	11.105	12.706	49.908	17.671	60.683	152.28	0.18893	27.483	0.0088310	vapor
295.00	701.23	0.39706	2.5185	11.098	12.697	49.864	17.696	61.005	152.20	0.18872	27.506	0.0088525	vapor
295.00	702.72	0.39859	2.5089	11.091	12.687	49.820	17.721	61.330	152.12	0.18852	27.530	0.0088743	vapor
295.00	704.20	0.40012	2.4993	11.085	12.678	49.777	17.746	61.659	152.04	0.18831	27.553	0.0088962	vapor
295.00	705.68	0.40166	2.4897	11.078	12.668	49.733	17.771	61.992	151.96	0.18809	27.577	0.0089184	vapor
295.00	707.17	0.40321	2.4801	11.071	12.659	49.689	17.796	62.330	151.88	0.18788	27.601	0.0089408	vapor
295.00	708.65	0.40477	2.4706	11.064	12.649	49.645	17.821	62.671	151.80	0.18767	27.624	0.0089634	vapor
295.00	710.13	0.40633	2.4610	11.057	12.639	49.601	17.847	63.017	151.72	0.18745	27.649	0.0089862	vapor
295.00	711.62	0.40790	2.4516	11.050	12.629	49.556	17.873	63.368	151.64	0.18724	27.673	0.0090092	vapor
295.00	713.10	0.40949	2.4421	11.043	12.620	49.512	17.899	63.723	151.55	0.18702	27.697	0.0090325	vapor
295.00	714.58	0.41108	2.4326	11.036	12.610	49.468	17.925	64.082	151.47	0.18680	27.722	0.0090559	vapor
295.00	716.07	0.41267	2.4232	11.029	12.600	49.423	17.951	64.446	151.39	0.18658	27.747	0.0090797	vapor
295.00	717.55	0.41428	2.4138	11.022	12.590	49.378	17.977	64.815	151.31	0.18635	27.772	0.0091036	vapor
295.00	719.03	0.41589	2.4045	11.015	12.580	49.334	18.004	65.189	151.23	0.18613	27.797	0.0091278	vapor
295.00	720.52	0.41752	2.3951	11.008	12.570	49.289	18.031	65.568	151.14	0.18591	27.822	0.0091523	vapor
295.00	722.00	0.41915	2.3858	11.001	12.560	49.244	18.058	65.952	151.06	0.18568	27.848	0.0091770	vapor
295.00	723.48	0.42079	2.3765	10.993	12.550	49.199	18.085	66.341	150.98	0.18545	27.874	0.0092020	vapor
295.00	724.97	0.42244	2.3672	10.986	12.540	49.153	18.113	66.736	150.89	0.18522	27.900	0.0092272	vapor
295.00	726.45	0.42410	2.3579	10.979	12.529	49.108	18.140	67.136	150.81	0.18499	27.926	0.0092527	vapor
295.00	727.93	0.42577	2.3487	10.971	12.519	49.062	18.168	67.541	150.72	0.18476	27.952	0.0092784	vapor
295.00	729.42	0.42745	2.3395	10.964	12.509	49.017	18.196	67.952	150.64	0.18452	27.979	0.0093044	vapor
295.00	730.90	0.42914	2.3303	10.957	12.498	48.971	18.224	68.369	150.55	0.18429	28.006	0.0093307	vapor
295.00	732.38	0.43083	2.3211	10.949	12.488	48.925	18.253	68.792	150.47	0.18405	28.033	0.0093573	vapor
295.00	733.87	0.43254	2.3119	10.942	12.478	48.879	18.281	69.220	150.38	0.18381	28.060	0.0093842	vapor
295.00	735.35	0.43426	2.3028	10.934	12.467	48.833	18.310	69.655	150.29	0.18357	28.087	0.0094114	vapor
295.00	736.83	0.43599	2.2936	10.927	12.457	48.787	18.339	70.096	150.21	0.18333	28.115	0.0094388	vapor
295.00	738.32	0.43772	2.2845	10.919	12.446	48.740	18.369	70.544	150.12	0.18309	28.143	0.0094666	vapor
295.00	739.80	0.43947	2.2755	10.911	12.435	48.694	18.398	70.998	150.03	0.18284	28.171	0.0094947	vapor
295.00	741.28	0.44123	2.2664	10.904	12.425	48.647	18.428	71.459	149.94	0.18259	28.199	0.0095231	vapor
295.00	742.77	0.44300	2.2573	10.896	12.414	48.600	18.458	71.926	149.86	0.18235	28.228	0.0095518	vapor
295.00	744.25	0.44478	2.2483	10.888	12.403	48.553	18.488	72.401	149.77	0.18210	28.257	0.0095809	vapor
295.00	745.73	0.44657	2.2393	10.880	12.392	48.506	18.519	72.883	149.68	0.18184	28.286	0.0096102	vapor
295.00	747.22	0.44837	2.2303	10.872	12.381	48.459	18.549	73.372	149.59	0.18159	28.315	0.0096400	vapor
295.00	748.70	0.45019	2.2213	10.865	12.370	48.411	18.580	73.869	149.50	0.18133	28.345	0.0096700	vapor
295.00	750.18	0.45201	2.2123	10.857	12.359	48.364	18.611	74.373	149.41	0.18108	28.375	0.0097004	vapor
295.00	751.67	0.45385	2.2034	10.849	12.348	48.316	18.643	74.886	149.32	0.18082	28.405	0.0097312	vapor
295.00	753.15	0.45570	2.1944	10.841	12.337	48.268	18.675	75.406	149.23	0.18055	28.435	0.0097624	vapor
295.00	754.63	0.45756	2.1855	10.832	12.325	48.220	18.707	75.935	149.13	0.18029	28.466	0.0097939	vapor
295.00	756.12	0.45943	2.1766	10.824	12.314	48.172	18.739	76.472	149.04	0.18003	28.497	0.0098258	vapor
295.00	757.60	0.46132	2.1677	10.816	12.303	48.123	18.771	77.017	148.95	0.17976	28.528	0.0098581	vapor
295.00	759.08	0.46321	2.1588	10.808	12.291	48.075	18.804	77.572	148.86	0.17949	28.559	0.0098908	vapor
295.00	760.57	0.46512	2.1500	10.800	12.280	48.026	18.837	78.136	148.76	0.17922	28.591	0.0099239	vapor
295.00	762.05	0.46705	2.1411	10.791	12.268	47.977	18.870	78.709	148.67	0.17895	28.623	0.0099574	vapor
295.00	763.53	0.46898	2.1323	10.783	12.257	47.928	18.904	79.292	148.57	0.17867	28.656	0.0099913	vapor
295.00	765.02	0.47093	2.1234	10.774	12.245	47.878	18.938	79.884	148.48	0.17839	28.688	0.010026	vapor
295.00	766.50	0.47290	2.1146	10.766	12.233	47.829	18.972	80.487	148.38	0.17811	28.721	0.010061	vapor
295.00	767.98	0.47488	2.1058	10.757	12.221	47.779	19.006	81.100	148.29	0.17783	28.755	0.010096	vapor
295.00	769.47	0.47687	2.0970	10.749	12.209	47.729	19.041	81.723	148.19	0.17755	28.788	0.010131	vapor
295.00	770.95	0.47887	2.0882	10.740	12.197	47.679	19.076	82.358	148.10	0.17726	28.822	0.010168	vapor
295.00	772.43	0.48089	2.0795	10.731	12.185	47.628	19.111	83.004	148.00	0.17697	28.856	0.010204	vapor
295.00	773.92	0.48293	2.0707	10.722	12.173	47.578	19.147	83.661	147.90	0.17668	28.891	0.010241	vapor
295.00	775.40	0.48498	2.0619	10.714	12.161	47.527	19.183	84.330	147.80	0.17639	28.926	0.010279	vapor
295.00	776.88	0.48705	2.0532	10.705	12.149	47.476	19.219	85.011	147.70	0.17610	28.961	0.010317	vapor
295.00	778.37	0.48913	2.0445	10.696	12.136	47.425	19.256	85.704	147.60	0.17580	28.997	0.010356	vapor
295.00	779.85	0.49122	2.0357	10.687	12.124	47.373	19.293	86.411	147.50	0.17550	29.033	0.010395	vapor
295.00	781.33	0.49334	2.0270	10.678	12.111	47.321	19.330	87.131	147.40	0.17520	29.070	0.010435	vapor
295.00	782.82	0.49547	2.0183	10.668	12.099	47.269	19.368	87.864	147.30	0.17489	29.106	0.010475	vapor
295.00	784.30	0.49761	2.0096	10.659	12.086	47.217	19.406	88.611	147.20	0.17458	29.144	0.010516	vapor
295.00	785.78	0.49978	2.0009	10.650	12.073	47.165	19.444	89.373	147.10	0.17427	29.181	0.010558	vapor
295.00	787.27	0.50196	1.9922	10.640	12.060	47.112	19.483	90.149	146.99	0.17396	29.219	0.010600	vapor
295.00	788.75	0.50416	1.9835	10.631	12.047	47.059	19.522	90.940	146.89	0.17364	29.258	0.010642	vapor
295.00	790.23	0.50638	1.9748	10.622	12.034	47.006	19.562	91.748	146.79	0.17333	29.297	0.010686	vapor
295.00	791.72	0.50861	1.9661	10.612	12.021	46.952	19.601	92.571	146.68	0.17300	29.336	0.010730	vapor
295.00	793.20	0.51087	1.9575	10.602	12.008	46.898	19.642	93.411	146.58	0.17268	29.376	0.010774	vapor
295.00	794.68	0.51314	1.9488	10.593	11.994	46.844	19.682	94.269	146.47	0.17235	29.416	0.010820	vapor
295.00	796.17	0.51543	1.9401	10.583	11.981	46.790	19.723	95.144	146.36	0.17202	29.456	0.010866	vapor
295.00	797.65	0.51775	1.9315	10.573	11.967	46.735	19.765	96.037	146.26	0.17169	29.498	0.010912	vapor
295.00	799.13	0.52008	1.9228	10.563	11.954	46.680	19.807	96.949	146.15	0.17136	29.539	0.010960	vapor
295.00	800.62	0.52243	1.9141	10.553	11.940	46.625	19.849	97.881	146.04	0.17102	29.581	0.011008	vapor
295.00	802.10	0.52481	1.9055	10.543	11.926	46.569	19.892	98.833	145.93	0.17068	29.624	0.011057	vapor
295.00	803.58	0.52721	1.8968	10.533	11.912	46.513	19.935	99.806	145.82	0.17033	29.667	0.011107	vapor
295.00	805.07	0.52962	1.8881	10.522	11.898	46.457	19.978	100.80	145.71	0.16998	29.711	0.011157	vapor
295.00	806.55	0.53207	1.8795	10.512	11.884	46.400	20.023	101.82	145.60	0.16963	29.755	0.011209	vapor
295.00	808.03	0.53453	1.8708	10.501	11.870	46.343	20.067	102.86	145.48	0.16928	29.800	0.011261	vapor
295.00	809.52	0.53702	1.8621	10.491	11.855	46.286	20.112	103.92	145.37	0.16892	29.845	0.011314	vapor
295.00	811.00	0.53953	1.8535	10.480	11.841	46.228	20.158	105.01	145.26	0.16856	29.891	0.011368	vapor
295.00	812.48	0.54207	1.8448	10.469	11.826	46.170	20.204	106.12	145.14	0.16819	29.938	0.011423	vapor
295.00	813.97	0.54463	1.8361	10.459	11.811	46.112	20.250	107.26	145.03	0.16782	29.985	0.011479	vapor
295.00	815.45	0.54722	1.8274	10.448	11.797	46.053	20.297	108.43	144.91	0.16745	30.033	0.011536	vapor
295.00	816.93	0.54984	1.8187	10.437	11.781	45.994	20.345	109.62	144.79	0.16707	30.082	0.011593	vapor
295.00	818.42	0.55248	1.8100	10.425	11.766	45.934	20.393	110.85	144.68	0.16669	30.131	0.011652	vapor
295.00	819.90	0.55515	1.8013	10.414	11.751	45.874	20.441	112.10	144.56	0.16631	30.181	0.011712	vapor
295.00	821.38	0.55785	1.7926	10.403	11.736	45.813	20.490	113.39	144.44	0.16592	30.231	0.011773	vapor
295.00	822.87	0.56057	1.7839	10.391	11.720	45.752	20.540	114.71	144.32	0.16552	30.282	0.011835	vapor
295.00	824.35	0.56333	1.7752	10.380	11.704	45.691	20.590	116.07	144.20	0.16513	30.334	0.011899	vapor
295.00	825.83	0.56612	1.7664	10.368	11.688	45.629	20.641	117.46	144.07	0.16473	30.387	0.011963	vapor
295.00	827.32	0.56894	1.7577	10.356	11.672	45.567	20.693	118.88	143.95	0.16432	30.441	0.012029	vapor
295.00	828.80	0.57179	1.7489	10.344	11.656	45.504	20.745	120.35	143.83	0.16391	30.495	0.012096	vapor
295.00	830.28	0.57468	1.7401	10.332	11.640	45.441	20.798	121.85	143.70	0.16349	30.550	0.012164	vapor
295.00	831.77	0.57759	1.7313	10.320	11.623	45.377	20.851	123.40	143.58	0.16307	30.606	0.012234	vapor
295.00	833.25	0.58055	1.7225	10.307	11.607	45.313	20.905	124.99	143.45	0.16265	30.663	0.012305	vapor
295.00	834.73	0.58354	1.7137	10.295	11.590	45.248	20.960	126.63	143.32	0.16222	30.721	0.012378	vapor
295.00	836.22	0.58656	1.7048	10.282	11.573	45.182	21.015	128.31	143.19	0.16179	30.780	0.012452	vapor
295.00	837.70	0.58963	1.6960	10.270	11.556	45.116	21.071	130.05	143.06	0.16134	30.840	0.012527	vapor
295.00	839.18	0.59273	1.6871	10.257	11.538	45.050	21.128	131.83	142.93	0.16090	30.901	0.012605	vapor
295.00	840.67	0.59588	1.6782	10.244	11.521	44.982	21.186	133.67	142.80	0.16045	30.963	0.012684	vapor
295.00	842.15	0.59906	1.6693	10.230	11.503	44.914	21.244	135.57	142.66	0.15999	31.026	0.012764	vapor
295.00	843.63	0.60229	1.6603	10.217	11.485	44.846	21.303	137.52	142.53	0.15953	31.090	0.012846	vapor
295.00	845.12	0.60556	1.6514	10.203	11.467	44.777	21.363	139.54	142.39	0.15906	31.155	0.012931	vapor
295.00	846.60	0.60888	1.6424	10.190	11.448	44.707	21.424	141.62	142.26	0.15859	31.221	0.013017	vapor
295.00	848.08	0.61224	1.6333	10.176	11.430	44.636	21.485	143.77	142.12	0.15811	31.289	0.013105	vapor
295.00	848.08	0.61224	1.6333	10.176	11.430	44.636	21.485	143.77	142.12	0.15811	31.289	0.013105	supercritical
295.00	848.08	0.61224	1.6333	10.176	11.430	44.636	21.485	143.77	142.12	0.15811	31.289	0.013105	supercritical
295.00	849.57	0.61566	1.6243	10.162	11.411	44.565	21.548	145.99	141.98	0.15762	31.358	0.013195	supercritical
295.00	851.05	0.61912	1.6152	10.147	11.392	44.493	21.611	148.29	141.84	0.15712	31.428	0.013287	supercritical
295.00	852.53	0.62263	1.6061	10.133	11.373	44.420	21.675	150.67	141.69	0.15662	31.499	0.013382	supercritical
295.00	854.02	0.62620	1.5969	10.118	11.353	44.346	21.740	153.13	141.55	0.15611	31.572	0.013478	supercritical
295.00	855.50	0.62983	1.5877	10.104	11.333	44.272	21.806	155.67	141.40	0.15560	31.647	0.013578	supercritical
295.00	856.98	0.63351	1.5785	10.088	11.313	44.197	21.873	158.31	141.26	0.15508	31.723	0.013679	supercritical
295.00	858.47	0.63725	1.5693	10.073	11.293	44.120	21.941	161.05	141.11	0.15454	31.800	0.013784	supercritical
295.00	859.95	0.64105	1.5599	10.058	11.272	44.043	22.010	163.89	140.96	0.15401	31.879	0.013891	supercritical
295.00	861.43	0.64491	1.5506	10.042	11.251	43.965	22.080	166.84	140.81	0.15346	31.960	0.014000	supercritical
295.00	862.92	0.64884	1.5412	10.026	11.230	43.886	22.151	169.90	140.66	0.15290	32.043	0.014113	supercritical
295.00	864.40	0.65284	1.5318	10.010	11.208	43.806	22.223	173.09	140.50	0.15234	32.128	0.014229	supercritical
295.00	865.88	0.65691	1.5223	9.9931	11.186	43.725	22.297	176.40	140.35	0.15176	32.214	0.014348	supercritical
295.00	867.37	0.66106	1.5127	9.9764	11.164	43.643	22.371	179.85	140.19	0.15118	32.303	0.014470	supercritical
295.00	868.85	0.66528	1.5031	9.9593	11.142	43.559	22.447	183.45	140.03	0.15059	32.394	0.014596	supercritical
295.00	870.33	0.66959	1.4935	9.9419	11.119	43.475	22.523	187.20	139.87	0.14998	32.487	0.014726	supercritical
295.00	871.82	0.67397	1.4837	9.9243	11.095	43.389	22.602	191.11	139.71	0.14937	32.582	0.014859	supercritical
295.00	873.30	0.67845	1.4740	9.9063	11.072	43.302	22.681	195.20	139.54	0.14874	32.680	0.014997	supercritical
295.00	874.78	0.68301	1.4641	9.8880	11.047	43.213	22.762	199.48	139.38	0.14811	32.781	0.015139	supercritical
295.00	876.27	0.68768	1.4542	9.8693	11.023	43.123	22.844	203.95	139.21	0.14746	32.884	0.015285	supercritical
295.00	877.75	0.69244	1.4442	9.8503	10.998	43.032	22.927	208.64	139.04	0.14680	32.990	0.015436	supercritical
295.00	879.23	0.69731	1.4341	9.8309	10.972	42.939	23.012	213.55	138.86	0.14612	33.099	0.015591	supercritical
295.00	880.72	0.70229	1.4239	9.8111	10.946	42.844	23.098	218.71	138.69	0.14543	33.211	0.015752	supercritical
295.00	882.20	0.70738	1.4137	9.7909	10.920	42.748	23.186	224.13	138.51	0.14473	33.327	0.015919	supercritical
295.00	883.68	0.71259	1.4033	9.7703	10.893	42.650	23.275	229.83	138.33	0.14402	33.446	0.016091	supercritical
295.00	885.17	0.71794	1.3929	9.7492	10.865	42.550	23.366	235.84	138.15	0.14328	33.569	0.016269	supercritical
295.00	886.65	0.72341	1.3823	9.7277	10.837	42.449	23.459	242.17	137.97	0.14254	33.696	0.016454	supercritical
295.00	888.13	0.72903	1.3717	9.7056	10.808	42.345	23.553	248.84	137.79	0.14177	33.827	0.016645	supercritical
295.00	889.62	0.73480	1.3609	9.6831	10.779	42.239	23.648	255.90	137.60	0.14099	33.962	0.016844	supercritical
295.00	891.10	0.74072	1.3500	9.6600	10.749	42.131	23.746	263.37	137.41	0.14019	34.103	0.017050	supercritical
295.00	892.58	0.74682	1.3390	9.6363	10.718	42.020	23.845	271.27	137.22	0.13937	34.248	0.017264	supercritical
295.00	894.07	0.75309	1.3279	9.6119	10.687	41.908	23.946	279.66	137.02	0.13853	34.399	0.017486	supercritical
295.00	895.55	0.75954	1.3166	9.5870	10.654	41.792	24.049	288.56	136.83	0.13766	34.556	0.017717	supercritical
295.00	897.03	0.76620	1.3051	9.5613	10.621	41.674	24.154	298.02	136.63	0.13678	34.719	0.017958	supercritical
295.00	898.52	0.77307	1.2935	9.5350	10.587	41.552	24.260	308.09	136.43	0.13587	34.888	0.018209	supercritical
295.00	900.00	0.78016	1.2818	9.5079	10.552	41.428	24.369	318.83	136.22	0.13493	35.065	0.018470	supercritical
